nEdo = 12.26;
diffs = {};
While[
  nEdo < 13,
  
  u = 1/nEdo;
  nEdo += 0.001;
  
  uniformMap = getUniformMap[u, 269];
  gtm = optimizeGtm[{{uniformMap},"co"}, "tuning" -> "Tenney"];
  result = First[gtm]/1200;
  diff = u - result;
  
  (*Print["nEdo: ", nEdo, " u: ", u, " uniformMap: ", uniformMap, " gtm: ", gtm, " diff: ", diff];*)
  
  AppendTo[diffs, {nEdo,diff}];
];
diffs





keenansF[nEdo_] := Module[{},
  u = 1/nEdo;
  uniformMap = getUniformMap[u, 269];
  gtm = optimizeGtm[{{uniformMap},"co"}, "tuning" -> "Tenney"];
  result = First[gtm]/1200;
  
  u - result
];
keenansF[12.5]
DiscretePlot[keenansF[x],{x,12,13,0.1}]




ListLinePlot[{{12.001`,0.00010819787834190353`},{12.001999999999999`,0.00010125401255295374`},{12.002999999999998`,0.00009431130388209974`},{12.003999999999998`,0.00008736975204015618`},{12.004999999999997`,0.00008042935673800711`},{12.005999999999997`,0.0000734901176866476`},{12.006999999999996`,0.0000665520345971421`},{12.007999999999996`,0.000059615107180666094`},{12.008999999999995`,0.00005267933514850609`},{12.009999999999994`,0.00004574471821204573`},{12.010999999999994`,0.00003881125608272418`},{12.011999999999993`,0.000031878948472105484`},{12.012999999999993`,0.000024947795091864733`},{12.013999999999992`,0.00001801779565376027`},{12.014999999999992`,0.000011088949869619835`},{12.015999999999991`,4.161257451409939`*^-6},{12.01699999999999`,-2.765281888833515`*^-6},{12.01799999999999`,-9.690668438977479`*^-6},{12.01899999999999`,-0.000016614902486777883`},{12.019999999999989`,-0.000023537984319921268`},{12.020999999999988`,-0.000030459914225955398`},{12.021999999999988`,-0.0000373806924923864`},{12.022999999999987`,-0.000044300319406581634`},{12.023999999999987`,-0.00005121879525582518`},{12.024999999999986`,-0.00005813612032733173`},{12.025999999999986`,-0.00006505229490816333`},{12.026999999999985`,0.00015946006400159585`},{12.027999999999984`,0.00015254618954116395`},{12.028999999999984`,0.00014563346471066496`},{12.029999999999983`,0.00013872188922339768`},{12.030999999999983`,0.00013181146279273026`},{12.031999999999982`,0.00012490218513215579`},{12.032999999999982`,0.00011799405595522283`},{12.033999999999981`,0.00011108707497561876`},{12.03499999999998`,0.00010418124190708644`},{12.03599999999998`,0.00009727655646350752`},{12.03699999999998`,0.00009037301835880529`},{12.037999999999979`,0.0000834706273070418`},{12.038999999999978`,0.00007656938302236238`},{12.039999999999978`,0.0000696692852190095`},{12.040999999999977`,0.00006277033361129503`},{12.041999999999977`,0.00005587252791365571`},{12.042999999999976`,0.000048975867840611587`},{12.043999999999976`,0.00004208035310677982`},{12.044999999999975`,0.000035185983426874734`},{12.045999999999975`,0.000028292758515707783`},{12.046999999999974`,0.00002140067808815982`},{12.047999999999973`,0.000014509741859250469`},{12.048999999999973`,7.6199495440548715`*^-6},{12.049999999999972`,0.00011778045134082371`},{12.050999999999972`,0.00011089294599871125`},{12.051999999999971`,0.00010400658371614857`},{12.05299999999997`,0.0000971213642085994`},{12.05399999999997`,0.00009023728719165236`},{12.05499999999997`,0.00008335435238093769`},{12.055999999999969`,0.00007647255949221055`},{12.056999999999968`,0.00009446280352802539`},{12.057999999999968`,0.00008758329363092732`},{12.058999999999967`,0.00008070492480362346`},{12.059999999999967`,0.00007382769676227141`},{12.060999999999966`,0.0000669516092230843`},{12.061999999999966`,0.000060076661902372375`},{12.062999999999965`,0.00005320285451654305`},{12.063999999999965`,0.00004633018678211476`},{12.064999999999964`,0.00003945865841567531`},{12.065999999999963`,0.00003258826913393742`},{12.066999999999963`,0.000025719018653655445`},{12.067999999999962`,0.00001885090669173639`},{12.068999999999962`,0.000011983932965128896`},{12.069999999999961`,5.1180971909342565`*^-6},{12.07099999999996`,-1.7466009137184768`*^-6},{12.07199999999996`,0.00002994032190895002`},{12.07299999999996`,0.00002307789829528173`},{12.073999999999959`,0.000016216611503208633`},{12.074999999999958`,9.356461250276116`*^-6},{12.075999999999958`,2.4974472541267057`*^-6},{12.076999999999957`,-4.3604307675415566`*^-6},{12.077999999999957`,-0.000011217173096891853`},{12.078999999999956`,-0.000018072780016017975`},{12.079999999999956`,-0.00002492725180693045`},{12.080999999999955`,-0.000031780588751514904`},{12.081999999999955`,-0.000038632791131573696`},{12.082999999999954`,-0.000045483859228839796`},{12.083999999999953`,-0.00005233379332493515`},{12.084999999999953`,-0.000059182593701398445`},{12.085999999999952`,-0.00006603026063962958`},{12.086999999999952`,-0.00007287679442101458`},{12.087999999999951`,-0.00007972219532677294`},{12.08899999999995`,-0.00008656646363806864`},{12.08999999999995`,-0.00009340959963598239`},{12.09099999999995`,-0.00009866851871995208`},{12.091999999999949`,-0.00009897969272008866`},{12.092999999999948`,-0.00010581943346327227`},{12.093999999999948`,-0.00011265804301638371`},{12.094999999999947`,-0.00011949552166003186`},{12.095999999999947`,-0.00012633186967471455`},{12.096999999999946`,-0.00013316708734084637`},{12.097999999999946`,-0.00012512657820276663`},{12.098999999999945`,-0.00013195953601267962`},{12.099999999999945`,-0.00013879136431473038`},{12.100999999999944`,-0.00014562206338895878`},{12.101999999999943`,-0.00015245163351532143`},{12.102999999999943`,-0.0001592800749736778`},{12.103999999999942`,-0.00016610738804379022`},{12.104999999999942`,-0.00017293357300532386`},{12.105999999999941`,-0.00017975863013787452`},{12.10699999999994`,-0.00018658255972092697`},{12.10799999999994`,-0.00019340536203386882`},{12.10899999999994`,-0.00020022703735600444`},{12.109999999999939`,-0.00020704758596655493`},{12.110999999999938`,-0.00019788689037814056`},{12.111999999999938`,-6.162245560437096`*^-6},{12.112999999999937`,-0.000012979415710573372`},{12.113999999999937`,-0.000019795460265023546`},{12.114999999999936`,-0.000026610379502578496`},{12.115999999999936`,-0.00003342417370186257`},{12.116999999999935`,-0.000040236843141472356`},{12.117999999999935`,-0.00004704838809985179`},{12.118999999999934`,-0.00005385880885540317`},{12.119999999999933`,-0.000060668105686417784`},{12.120999999999933`,-0.00006747627887108976`},{12.121999999999932`,-0.00007428332868752996`},{12.122999999999932`,-0.00008108925541375211`},{12.123999999999931`,-0.0000878940593276728`},{12.12499999999993`,-0.00006492285120691943`},{12.12599999999993`,-0.00007172541032965385`},{12.12699999999993`,-0.00007852684747332306`},{12.127999999999929`,-0.00008532716291546893`},{12.128999999999929`,-0.00009212635693356397`},{12.129999999999928`,-0.0000989244298049835`},{12.130999999999927`,-0.00010572138180701962`},{12.131999999999927`,-0.0001125172132168395`},{12.132999999999926`,-0.00011931192431156867`},{12.133999999999926`,-0.00012610551536819392`},{12.134999999999925`,-0.0001328979866636465`},{12.135999999999925`,-0.00013968933847474663`},{12.136999999999924`,-0.00014647957107824516`},{12.137999999999924`,-0.00015326868475075417`},{12.138999999999923`,-0.00016005667976885796`},{12.139999999999922`,-0.00016684355640898818`},{12.140999999999922`,-0.00017362931494754874`},{12.141999999999921`,-0.00018041395566079088`},{12.14299999999992`,-0.00018719747882491033`}, {12.145`,-0.00020076117361061963`},{12.145999999999999`,-0.00020754134578360173`},{12.146999999999998`,-0.00021432040151130038`},{12.147999999999998`,-0.00022109834106945336`},{12.148999999999997`,-0.00022787516473370129`},{12.149999999999997`,-0.0002346508727796015`},{12.150999999999996`,-0.00024142546548261423`},{12.151999999999996`,-0.0002481989431181164`},{12.152999999999995`,-0.00025497130596137396`},{12.153999999999995`,-0.00025878982496294056`},{12.154999999999994`,-0.0002655599590472013`},{12.155999999999993`,-0.00027232897916452947`},{12.156999999999993`,-0.00027909688558983015`},{12.157999999999992`,-0.00028586367859792516`},{12.158999999999992`,-0.00029262935846356697`},{12.159999999999991`,